xxx
Gain test:
All channels enabled
SUCCESS!
PASSED!
-0.356 -0.310 -0.348 -0.264 -0.247 -0.305 -0.304 -0.354 -0.333 -0.313 -0.383 -0.354 -0.361 -0.314 -0.313 -0.332 -0.280 -0.332 -0.255 -0.270 -0.350 -0.291 -0.356 -0.298 -0.318 -0.352 -0.274 -0.339 -0.327 -0.290 -0.356 -0.244 -0.324 -0.363 -0.338 -0.353 -0.325 -0.287 -0.330 -0.377 -0.340 -0.337 -0.324 -0.274 -0.349 -0.325 -0.266 -0.262 -0.316 -0.297 -0.307 -0.345 -0.286 -0.268 -0.270 -0.343 -0.358 -0.298 -0.357 -0.327 -0.313 -0.240 -0.297 -0.321 -0.293 -0.324 -0.337 -0.295 -0.279 -0.315 -0.378 -0.252 -0.281 -0.361 -0.253 -0.310 -0.269 -0.357 -0.319 -0.247 -0.309 -0.331 -0.323 -0.345 -0.323 -0.298 -0.309 -0.216 -0.239 -0.334 -0.303 -0.328 -0.359 -0.272 -0.299 -0.298 -0.327 -0.343 -0.333 -0.333 -0.353 -0.326 -0.250 -0.357 -0.368 -0.421 -0.255 -0.323 -0.316 -0.377 -0.262 -0.251 -0.256 -0.213 -0.345 -0.131 -0.411 -0.332 -0.328 -0.251 -0.192 -0.296 -0.351 -0.330 -0.272 -0.141 -0.237 -0.234 
+0.026 +0.021 +0.037 +0.084 +0.041 -0.682 -0.440 +0.079 -1.001 -0.498 -0.426 +0.048 -0.432 -0.362 -1.051 -0.771 -0.691 -0.733 -0.828 -0.736 -0.488 -0.294 -0.487 +0.006 -0.611 -0.089 -1.616 -0.114 +0.056 -0.037 -0.142 -1.693 -0.365 -0.429 +0.086 +0.004 -0.495 -0.972 -0.326 +0.359 -0.271 -0.286 -1.259 -0.917 -0.444 +0.157 -1.173 -0.976 -0.827 -1.260 -0.767 -0.068 -1.566 -1.075 -1.130 +0.347 +0.057 -0.603 +0.440 -0.230 -0.575 -1.380 -1.978 -0.828 -0.544 +0.110 -0.481 -0.413 -0.757 -0.058 +1.455 -0.731 -1.183 +0.330 -1.878 -0.443 -1.769 +0.400 -0.362 -1.683 -0.372 -0.103 -0.260 +0.195 -0.399 -0.109 -0.899 -1.393 -1.724 +0.248 -0.158 -0.015 -0.264 -0.617 -0.850 -0.854 -0.323 +0.276 +0.119 +0.022 +0.038 +0.434 -3.181 +0.762 -1.491 +3.142 -3.498 -0.036 -0.043 +0.890 +1.571 -2.314 +1.352 -2.903 +3.162 -3.733 +2.947 +1.006 +0.408 -2.830 -4.659 -2.261 -0.164 -2.190 -4.315 -3.073 -4.482 -1.879 
-0.309
-0.617
Total time = +21.334 seconds
END
