xxx
Gain test:
All channels enabled
SUCCESS!
PASSED!
-0.313 -0.336 -0.317 -0.311 -0.306 -0.296 -0.325 -0.329 -0.320 -0.338 -0.333 -0.335 -0.333 -0.291 -0.313 -0.330 -0.271 -0.351 -0.323 -0.319 -0.310 -0.318 -0.344 -0.293 -0.309 -0.311 -0.330 -0.307 -0.327 -0.314 -0.311 -0.326 -0.337 -0.325 -0.319 -0.312 -0.305 -0.336 -0.335 -0.338 -0.329 -0.313 -0.322 -0.316 -0.362 -0.301 -0.320 -0.336 -0.329 -0.344 -0.314 -0.333 -0.327 -0.303 -0.307 -0.300 -0.333 -0.312 -0.303 -0.345 -0.317 -0.312 -0.335 -0.336 -0.311 -0.325 -0.360 -0.316 -0.328 -0.305 -0.319 -0.301 -0.297 -0.307 -0.313 -0.317 -0.307 -0.304 -0.330 -0.306 -0.320 -0.305 -0.329 -0.310 -0.318 -0.296 -0.297 -0.294 -0.309 -0.340 -0.273 -0.291 -0.317 -0.292 -0.315 -0.313 -0.334 -0.309 -0.334 -0.305 -0.312 -0.314 -0.306 -0.332 -0.358 -0.319 -0.297 -0.292 -0.282 -0.307 -0.328 -0.344 -0.313 -0.355 -0.298 -0.334 -0.282 -0.321 -0.331 -0.305 -0.316 -0.310 -0.299 -0.335 -0.317 -0.319 -0.299 -0.343 
+0.034 +0.046 +0.045 +0.043 +0.043 -0.993 +0.137 -0.255 -0.761 -0.179 -0.866 -0.096 -0.585 -0.557 -0.490 -0.387 -0.587 -0.160 +0.090 +0.026 -0.883 -0.418 -0.740 -0.516 -0.662 -0.482 -0.948 -0.420 -0.132 -0.406 -0.606 -0.318 -0.098 -0.391 -0.311 -0.522 -1.114 -0.153 -0.146 -0.104 -0.446 -0.499 -0.957 -0.119 -0.595 -0.453 -0.290 -0.085 -0.670 -0.056 -0.951 -0.076 -0.531 -0.505 -1.012 -0.491 -0.161 -0.394 -0.846 -0.196 -0.522 -0.436 -1.028 -0.279 -0.160 -0.135 -0.202 -0.182 -0.201 -0.406 -0.016 -0.411 -0.427 -0.270 -0.686 -0.166 -1.094 -0.430 -0.702 -0.751 -0.332 -0.225 -0.294 -0.287 -0.763 -0.136 -0.709 -0.491 -0.845 -0.134 -1.193 -0.494 -0.633 -0.667 -0.689 -0.560 -0.176 -0.173 -0.083 -0.214 -0.607 -0.110 -1.045 +0.012 -1.761 +0.885 -2.971 -0.940 -0.699 -1.082 +1.985 -0.320 +2.010 +0.590 +1.681 +0.253 -0.203 -0.609 +0.965 -0.573 -3.319 -1.745 -2.400 -1.484 -1.718 -0.152 -2.638 +1.769 
-0.318
-0.465
Total time = +207.133 seconds
END
