xxx
Gain test:
All channels enabled
SUCCESS!
PASSED!
-0.323 -0.332 -0.329 -0.306 -0.305 -0.287 -0.335 -0.326 -0.323 -0.336 -0.346 -0.338 -0.304 -0.287 -0.303 -0.319 -0.270 -0.327 -0.336 -0.320 -0.315 -0.322 -0.352 -0.307 -0.315 -0.314 -0.318 -0.307 -0.325 -0.307 -0.311 -0.321 -0.318 -0.317 -0.321 -0.329 -0.337 -0.330 -0.346 -0.347 -0.320 -0.326 -0.324 -0.317 -0.336 -0.296 -0.328 -0.315 -0.333 -0.321 -0.309 -0.332 -0.302 -0.308 -0.302 -0.319 -0.318 -0.289 -0.313 -0.335 -0.315 -0.320 -0.315 -0.336 -0.333 -0.312 -0.347 -0.307 -0.316 -0.323 -0.327 -0.281 -0.305 -0.326 -0.328 -0.319 -0.299 -0.326 -0.315 -0.309 -0.319 -0.318 -0.335 -0.294 -0.316 -0.304 -0.312 -0.312 -0.308 -0.317 -0.293 -0.291 -0.315 -0.305 -0.311 -0.300 -0.317 -0.297 -0.321 -0.312 -0.305 -0.302 -0.300 -0.343 -0.296 -0.264 -0.313 -0.293 -0.328 -0.306 -0.300 -0.252 -0.265 -0.327 -0.254 -0.285 -0.337 -0.317 -0.320 -0.306 -0.281 -0.284 -0.305 -0.346 -0.317 -0.263 -0.343 -0.273 
+0.043 +0.034 +0.034 +0.040 +0.051 -1.143 +0.091 -0.418 -0.806 -0.409 -0.551 -0.070 -1.013 -0.804 -0.732 -0.533 -0.661 -0.292 +0.174 -0.154 -0.971 -0.296 -0.432 -0.365 -0.722 -0.325 -0.940 -0.405 -0.495 -0.563 -0.659 -0.377 -0.434 -0.809 -0.453 -0.325 -0.408 -0.374 +0.198 -0.114 -0.587 -0.311 -0.881 -0.262 -0.834 -0.506 -0.099 -0.463 -0.634 -0.323 -1.011 -0.112 -0.709 -0.423 -1.170 -0.336 -0.299 -0.496 -0.631 -0.223 -0.788 -0.314 -1.076 -0.426 +0.268 -0.370 -0.259 -0.548 -0.212 -0.070 -0.033 -0.720 -0.283 -0.248 -0.411 -0.347 -1.278 -0.094 -1.028 -0.755 -0.347 -0.229 -0.045 -0.372 -0.790 -0.146 -0.700 -0.200 -1.036 -0.414 -1.001 -0.548 -0.649 -0.313 -0.564 -0.687 -0.292 -0.232 -0.089 -0.047 -0.880 -0.376 -1.315 +0.239 -3.274 +0.019 -3.120 -0.726 +0.304 -1.284 +1.430 -2.028 +0.971 -0.052 +0.156 -0.264 +1.949 -0.116 +1.097 -0.593 -3.299 -1.987 -1.916 -1.445 -1.412 -1.842 -1.683 +0.248 
-0.314
-0.535
Total time = +206.402 seconds
END
