xxx
Gain test:
All channels enabled
SUCCESS!
PASSED!
-0.349 -0.340 -0.305 -0.272 -0.333 -0.316 -0.333 -0.322 -0.327 -0.271 -0.323 -0.294 -0.321 -0.297 -0.252 -0.278 -0.257 -0.341 -0.273 -0.304 -0.321 -0.283 -0.373 -0.294 -0.318 -0.352 -0.320 -0.353 -0.314 -0.310 -0.361 -0.330 -0.290 -0.323 -0.323 -0.262 -0.361 -0.356 -0.298 -0.304 -0.367 -0.304 -0.308 -0.268 -0.334 -0.333 -0.360 -0.318 -0.357 -0.372 -0.293 -0.317 -0.277 -0.282 -0.318 -0.331 -0.322 -0.326 -0.262 -0.364 -0.342 -0.256 -0.296 -0.306 -0.377 -0.343 -0.379 -0.271 -0.305 -0.256 -0.321 -0.233 -0.316 -0.309 -0.256 -0.320 -0.331 -0.311 -0.330 -0.277 -0.342 -0.302 -0.354 -0.311 -0.308 -0.289 -0.315 -0.325 -0.282 -0.321 -0.308 -0.315 -0.352 -0.347 -0.375 -0.274 -0.359 -0.334 -0.334 -0.311 -0.309 -0.320 -0.328 -0.336 -0.274 -0.225 -0.377 -0.306 -0.396 -0.347 -0.183 -0.315 -0.360 -0.268 -0.364 -0.089 -0.352 -0.274 -0.310 -0.347 -0.340 -0.306 -0.284 -0.377 -0.257 -0.161 -0.247 -0.369 
+0.053 +0.066 +0.055 +0.035 +0.035 -0.758 +0.414 -0.662 -0.902 -1.075 -1.015 -0.972 -0.369 -0.847 -0.758 -1.246 -1.032 -0.360 -0.799 -0.416 -0.943 -0.513 +0.461 -0.758 -0.869 -0.165 -1.390 -0.126 -0.951 -0.041 +0.485 -0.629 -0.826 -0.451 -0.381 -0.729 +0.090 +0.118 -0.499 -1.095 +0.370 -0.534 -0.816 -1.136 -0.481 +0.100 +0.164 -0.034 -0.575 -0.026 -1.107 -0.119 -1.022 -1.018 -0.988 +0.259 -0.212 -0.012 -1.182 +0.146 -0.594 -0.567 -1.612 -0.958 +0.606 +0.151 +0.316 -0.496 -0.323 -1.398 +0.227 -1.300 -0.583 -0.708 -1.879 -0.060 -0.326 -0.426 -0.754 -0.911 -0.076 -0.396 +0.206 -0.292 -0.559 -0.158 -0.061 +0.749 -1.846 -0.784 -0.346 -0.496 -0.655 +0.155 +0.681 -1.159 +0.069 -0.002 -0.301 -0.052 -0.285 -0.329 -0.525 +1.334 -3.452 -0.537 -1.260 -0.751 +1.605 -0.871 -0.285 -0.705 +2.270 -1.507 +1.121 -4.569 +3.543 -0.763 +1.325 -0.936 -1.712 -2.706 -1.711 -2.444 -1.876 -2.393 -6.091 +4.520 
-0.312
-0.536
Total time = +21.393 seconds
END
