xxx
test1
Gain test:
All channels enabled
SUCCESS!
PASSED!
-0.303 -0.289 -0.288 -0.270 -0.281 -0.268 -0.262 -0.296 -0.287 -0.302 -0.311 -0.281 -0.270 -0.263 -0.286 -0.280 -0.261 -0.289 -0.305 -0.259 -0.282 -0.266 -0.278 -0.240 -0.288 -0.306 -0.306 -0.272 -0.289 -0.261 -0.277 -0.278 -0.249 -0.284 -0.283 -0.275 -0.265 -0.297 -0.309 -0.313 -0.280 -0.277 -0.290 -0.278 -0.276 -0.262 -0.264 -0.286 -0.305 -0.275 -0.296 -0.269 -0.294 -0.273 -0.259 -0.241 -0.262 -0.276 -0.292 -0.282 -0.267 -0.252 -0.251 -0.268 -0.297 -0.279 -0.300 -0.269 -0.262 -0.302 -0.288 -0.250 -0.250 -0.286 -0.298 -0.269 -0.272 -0.274 -0.258 -0.295 -0.278 -0.261 -0.268 -0.274 -0.265 -0.243 -0.264 -0.250 -0.265 -0.257 -0.257 -0.233 -0.272 -0.239 -0.270 -0.263 -0.289 -0.270 -0.298 -0.271 -0.275 -0.272 -0.257 -0.324 -0.291 -0.252 -0.330 -0.262 -0.276 -0.346 -0.265 -0.274 -0.263 -0.296 -0.237 -0.265 -0.250 -0.291 -0.235 -0.284 -0.281 -0.270 -0.292 -0.296 -0.259 -0.271 -0.278 -0.214 
+0.039 +0.045 +0.046 +0.060 +0.043 -0.609 -0.244 +0.056 -0.670 -0.109 +0.287 -0.344 -0.368 -0.519 -0.577 -0.346 -0.134 -0.395 +0.316 -0.499 -0.356 -0.270 -0.581 -0.497 -0.437 +0.348 +0.328 -0.322 -0.350 -0.396 -0.140 -0.389 -0.749 -0.418 +0.017 -0.519 -0.711 -0.202 -0.058 +0.049 -0.462 -0.326 -0.694 -0.658 -0.779 -0.373 -0.363 -0.465 -0.567 -0.358 -0.855 -0.543 +0.089 -0.408 -0.763 -0.746 -0.361 +0.022 -0.162 -0.171 -0.574 -0.506 -1.564 -0.537 -0.177 -0.619 -0.628 -0.311 -0.735 +0.115 +0.203 -0.061 -0.409 -0.136 +0.396 -0.435 -0.174 -0.085 -0.857 -0.108 -0.204 -0.220 -0.592 -0.022 -0.282 -0.376 -0.876 -0.510 -0.225 -0.569 -0.590 -0.523 -0.850 -0.564 -0.275 -0.730 -0.211 +0.056 +0.153 -0.444 -0.199 -0.445 -2.661 +1.493 -5.602 +1.822 -3.039 -0.285 +1.703 +1.435 +4.286 +0.574 +3.867 -0.115 +2.918 -1.385 +3.317 -0.574 +1.165 -0.644 -3.239 -2.915 -2.077 -3.256 -3.543 +0.640 -1.272 +0.433 
+0.000 +0.000 +0.000 +0.000 +0.000 +0.000 +0.000 +0.000 +0.000 +0.000 +0.000 +0.000 +0.000 +0.000 +0.000 +0.000 +0.000 +0.000 +0.000 +0.000 +0.000 +0.000 +0.000 +0.000 +0.000 +0.000 +0.000 +0.000 +0.000 +0.000 +0.000 +0.000 +0.000 +0.000 +0.000 +0.000 +0.000 +0.000 +0.000 +0.000 +0.000 +0.000 +0.000 +0.000 +0.000 +0.000 +0.000 +0.000 +0.000 +0.000 +0.000 +0.000 +0.000 +0.000 +0.000 +0.000 +0.000 +0.000 +0.000 +0.000 +0.000 +0.000 +0.000 +0.000 +0.000 +0.000 +0.000 +0.000 +0.000 +0.000 +0.000 +0.000 +0.000 +0.000 +0.000 +0.000 +0.000 +0.000 +0.000 +0.000 +0.000 +0.000 +0.000 +0.000 +0.000 +0.000 +0.000 +0.000 +0.000 +0.000 +0.000 +0.000 +0.000 +0.000 +0.000 +0.000 +0.000 +0.000 +0.000 +0.000 +0.000 +0.000 +0.000 +0.000 +0.000 +0.000 +0.000 +0.000 +0.000 +0.000 +0.000 +0.000 +0.000 +0.000 +0.000 +0.000 +0.000 +0.000 +0.000 +0.000 +0.000 +0.000 +0.000 +0.000 +0.000 +0.000 +0.000 +0.000 
-0.276
-0.335
test1
Total time = +206.748 seconds
END
